2700_2350_1550_Strip10C
2885.13	124.674	2280.38	5.18185	0	0	0	0	0	0	
-3.72239	63344.4	1.58978	3.11941	0	0	0	0	0	0	
0.433495	72.5953	0.345216	3.0011	0	0	0	0	0	0	
47.5366	16.1673	1.49529	2.8328	0	0	0	0	0	40	
32.1302	63501.5	0.626244	30.507	0	0	0	0	0	0	
14.8267	172.515	0.557106	15.9673	1	0	1000	1	100	200	
1.03305	3.78883	0.336345	0.520625	1	0	20	0	0	0	
74.9905	64172.9	13.5122	45.8024	1	55	75	1	63500	64500	
19.7847	219.47	7.70384	53.1158	1	12	20	1	80	300	
91	-0.5	90.5
160	62000	65000
0	90
63000	64500
