9_7_18LAPPD25_2700_2350_1550_13R
43074.4	353.654	24934.1	7.60609	0	0	0	0	0	0	
-5.34305	62960	0.590932	1.66084	0	0	0	0	0	0	
0.521987	70.8777	0.144348	1.553	0	0	0	0	0	0	
194.945	54.4981	3.43567	5.45102	0	0	0	0	0	40	
33.3502	63088.5	0.274902	12.5686	0	0	0	0	0	0	
12.6525	154.166	0.300135	6.84513	1	0	1000	1	100	200	
6.37706	12.0209	1.09443	0.821587	1	0	20	0	0	0	
69.2984	63615.8	2.63454	23.3233	1	60	80	1	63000	64000	
12.0003	300	1.77143	11.9473	1	12	20	1	80	300	
91	-0.5	90.5
160	62200	64400
0	90
62600	64500
