9_7_18LAPPD25_2700_2350_1550_7L
771.512	503.756	42.4252	11.6566	0	0	0	0	0	0	
4.63323	62439.7	0.255236	1.64312	0	0	0	0	0	0	
1.79632	71.0595	0.194478	1.65796	0	0	0	0	0	0	
205.645	102.599	3.15642	7.4391	0	0	0	0	0	40	
32.9916	62580.9	0.409353	11.9678	0	0	0	0	0	0	
15.2401	168.625	0.470523	6.30869	1	0	1000	1	100	200	
11.2756	21.7865	1.06297	1.62976	1	0	20	0	0	0	
78.9423	63100.9	2.56063	36.7049	1	65	85	1	62500	63500	
12.6785	300	4.19844	19.6612	1	12	20	1	80	300	
91	-0.5	90.5
160	61500	64500
0	90
62000	63500
