2700_2350_1550_Strip23R
16545.8	123.325	14023.3	4.79846	0	0	0	0	0	0	
-2.53081	62980.5	0.65533	3.32423	0	0	0	0	0	0	
0.245668	70.2086	0.109582	2.61665	0	0	0	0	0	0	
39.6713	14.0094	1.80176	2.38118	0	0	0	0	0	40	
34.6413	63176.6	0.822492	26.2952	0	0	0	0	0	0	
14.5324	100.001	0.887839	18.7975	1	0	1000	1	100	200	
0.645232	3.41361	1.96955	0.782782	1	0	20	0	0	0	
53.4914	63457.8	6.20618	97.9888	1	50	70	1	63400	63900	
19.9992	300	4.02549	145.801	1	12	20	1	80	300	
91	-0.5	90.5
160	61900	64900
0	70
62800	63900
