9_7_18LAPPD25_2700_2350_1550_13L
9589.81	413.722	34263.8	9.23416	0	0	0	0	0	0	
1.16572	63598.3	0.160998	1.63953	0	0	0	0	0	0	
0.0796142	69.2228	0.132829	1.56122	0	0	0	0	0	0	
233.975	76.1629	3.41602	6.6491	0	0	0	0	0	40	
30.0504	63733.6	0.195408	13.5885	0	0	0	0	0	0	
14.6077	152.851	0.192425	6.74808	1	0	1000	1	100	200	
7.11705	14.4829	0.809884	0.877245	1	0	20	0	0	0	
76.0445	64284.3	2.08326	43.251	1	60	80	1	63600	64600	
12	251.483	1.71905	28.1579	1	12	20	1	80	300	
91	-0.5	90.5
160	63000	65200
0	90
63200	65100
