2700_2350_1550_Strip21CD
1004.16	121.552	1.41421	4.83269	0	0	0	0	0	0	
0.218433	63313.3	0.192862	2.91965	0	0	0	0	0	0	
0.31437	71.3945	0.0524962	2.80366	0	0	0	0	0	0	
48.2658	14.5349	1.03662	2.23355	0	0	0	0	0	40	
30.5069	63477.4	0.452452	29.3933	0	0	0	0	0	0	
14.3246	182.066	0.348171	16.2977	1	0	1000	1	100	200	
2.70619e-08	2.65574	0.776852	0.493343	1	0	20	0	0	0	
55.0295	64188.6	13.8287	47.0196	1	55	75	1	63500	64500	
12.4608	204.75	4.57316	65.1676	1	12	20	1	80	300	
91	-0.5	90.5
160	62000	65000
0	90
63000	64500
